g++ -O3 -mavx2 -finline-functions FFT_v2.cpp -lgsl  -I/usr/include/python3.8 -lpython3.8



./a.out out1 4 0 0.84 6 20 20 128 128 &
./a.out out2 4 0 0.84 6 200 200 128 128 &
./a.out out3 4 0 0.85 6 200 200 128 128 &
./a.out out4 4 0 0.87 6 200 200 128 128 &
./a.out out5 4 0 0.9 6 200 200 128 128 &
./a.out out6 40 0 0.84 6 20 20 128 128 &
./a.out out7 40 0 0.84 6 200 200 128 128 &
./a.out out8 40 0 0.85 6 200 200 128 128 &
./a.out out9 40 0 0.87 6 200 200 128 128 &
./a.out out10 40 0 0.9 6 200 200 128 128 &
./a.out out11 100 0 0.84 6 20 20 128 128 &
./a.out out12 100 0 0.84 6 200 200 128 128 &
./a.out out13 100 0 0.85 6 200 200 128 128 &
./a.out out14 100 0 0.87 6 200 200 128 128 &
./a.out out15 100 0 0.9 6 200 200 128 128 &
./a.out out16 40 0 0.84 1 200 200 128 128 &
./a.out out17 40 0 0.84 2 200 200 128 128 &
./a.out out18 40 0 0.84 3 200 200 128 128 &
./a.out out19 40 0 0.84 7 200 200 128 128 &
./a.out out20 40 0 0.84 11 200 200 128 128 &
./a.out out21 100 0 0.84 1 200 200 128 128 &
./a.out out22 100 0 0.84 2 200 200 128 128 &
./a.out out23 100 0 0.84 3 200 200 128 128 &
./a.out out24 100 0 0.84 7 200 200 128 128 &
./a.out out25 100 0 0.84 11 200 200 128 128 &
./a.out out26 1 0 0.84 6 200 200 128 128 &
./a.out out27 1000 0 0.84 6 200 200 128 128 &
./a.out out28 1 0 0.84 57 200 200 128 128 &
./a.out out29 1000 0 0.84 57 200 200 128 128 &
./a.out out30 100 0 3 6 200 200 128 128 &
