g++ -O3 -mavx2 -finline-functions FFT_v2.cpp -lgsl  -I/usr/include/python3.8 -lpython3.8

rm *.png

./a.out out_3_a 3 0 0.84 6   200 200 2048 2048  
./a.out out_3_b 3 0 0.84 99  200 200 2048 2048 
./a.out out_3_c 3 0 0.84 123 200 200 2048 2048 
./a.out out_3_d 3 0 0.84 78  200 200 2048 2048

./a.out out_6_a 6 0 0.84 6   200 200 2048 2048 
./a.out out_6_b 6 0 0.84 99  200 200 2048 2048 
./a.out out_6_c 6 0 0.84 123 200 200 2048 2048 
./a.out out_6_d 6 0 0.84 78  200 200 2048 2048

./a.out out_9_a 9 0 0.84 6   200 200 2048 2048 
./a.out out_9_b 9 0 0.84 99  200 200 2048 2048 
./a.out out_9_c 9 0 0.84 123 200 200 2048 2048 
./a.out out_9_d 9 0 0.84 78  200 200 2048 2048

./a.out out_12_a 12 0 0.84 6   200 200 2048 2048   
./a.out out_12_b 12 0 0.84 99  200 200 2048 2048 
./a.out out_12_c 12 0 0.84 123 200 200 2048 2048 
./a.out out_12_d 12 0 0.84 78  200 200 2048 2048

./a.out out_15_a 15 0 0.84 6   200 200 2048 2048  
./a.out out_15_b 15 0 0.84 99  200 200 2048 2048 
./a.out out_15_c 15 0 0.84 123 200 200 2048 2048 
./a.out out_15_d 15 0 0.84 78  200 200 2048 2048

./a.out out_18_a 18 0 0.84 6   200 200 2048 2048 
./a.out out_18_b 18 0 0.84 99  200 200 2048 2048 
./a.out out_18_c 18 0 0.84 123 200 200 2048 2048 
./a.out out_18_d 18 0 0.84 78  200 200 2048 2048

./a.out out_21_a 21 0 0.84 6   200 200 2048 2048 
./a.out out_21_b 21 0 0.84 99  200 200 2048 2048 
./a.out out_21_c 21 0 0.84 123 200 200 2048 2048 
./a.out out_21_d 21 0 0.84 78  200 200 2048 2048


